,time_steps,gpu_cubature_std_seq_mean_time,gpu_cubature_std_par_mean_time,gpu_cubature_sqrt_par_mean_time,gpu_cubature_sqrt_seq_mean_time,gpu_extended_std_seq_mean_time,gpu_extended_std_par_mean_time,gpu_extended_sqrt_par_mean_time,gpu_extended_sqrt_seq_mean_time
0,4.0,0.018394625186920165,0.010517418384552002,0.06021115303039551,0.3008609890937805,0.014839904308319092,0.015327465534210206,0.03590050220489502,0.06243234157562256
1,8.0,0.03678976774215698,0.016829073429107666,0.0690602159500122,0.5983462429046631,0.035170714855194095,0.021632602214813234,0.06274427890777588,0.1611100912094116
2,18.0,0.07758033275604248,0.01787276029586792,0.08361645460128785,1.3342101430892945,0.05843574047088623,0.02855318784713745,0.08927480936050415,0.475582537651062
3,40.0,0.1710312294960022,0.022182698249816894,0.09845145225524903,2.961878230571747,0.13358545780181885,0.033278074264526364,0.08395513057708741,0.9933472418785095
4,87.0,0.3644330263137817,0.028678243160247804,0.09751333475112915,6.4161636257171635,0.27564879417419436,0.042016515731811525,0.11240391492843628,2.2144070196151735
5,188.0,0.787992331981659,0.029800686836242676,0.13469436407089233,14.094266576766968,0.6266997480392456,0.04677905082702637,0.15786120653152466,4.773330783843994
6,406.0,1.6818582201004029,0.03545150518417359,0.13178605556488038,30.313799295425415,1.290413568019867,0.05552654504776001,0.22351208448410034,6.139602921009064
7,877.0,3.602909200191498,0.04053588390350342,0.1977911424636841,64.32038822412491,4.375111212730408,0.040319299697875975,0.22147563934326173,13.274279787540436
8,1896.0,7.963170630931854,0.048817570209503176,0.2142998218536377,100.49377650499343,6.134199528694153,0.07260476589202881,0.23996580123901368,28.659901723861694
9,4096.0,17.70350729227066,0.06471451282501221,0.27251276493072507,217.73880135059358,13.213221881389618,0.07444948673248292,0.2983160614967346,61.660006542205814
